X/L	Mach	Velocity	Pressure	Density	Flux
0.1	1.1599999999999995	1.2183460594282962	0.4342507641410979	0.55111632978675	0.3424397084279588
0.10450000000000001	1.1675374462089656	1.224569701428677	0.430070671596545	0.5473214642575958	0.34243575603425563
0.10900000000000001	1.1750670995164647	1.230762166897838	0.42592330171776	0.5435462376993448	0.34243617824255357
0.1135	1.1826349902464048	1.2369608423967575	0.421781688985421	0.5397657234442944	0.34243561178358367
0.11800000000000001	1.1901930138848928	1.2431247964342524	0.41766932405849744	0.5360014319306075	0.3424361288050103
0.12250000000000001	1.197792044278783	1.2492969316908127	0.4135623637386563	0.5322314652707331	0.34243545102329975
0.127	1.2053774135732884	1.255430997425467	0.40948687201346856	0.5284798371325486	0.34243609165609845
0.1315	1.2130073579381708	1.2615758802643176	0.40541609690109104	0.5247218389085305	0.34243526958384635
0.136	1.2206186359894589	1.2676783813692225	0.4013794677849825	0.520984752347776	0.3424360725128307
0.1405	1.2282791819712993	1.273795263243431	0.3973464030450526	0.5172401686330261	0.34243506153183134
0.14500000000000002	1.2359145583088735	1.27986426472345	0.39335070708967906	0.513519618907609	0.34243607922132274
0.14950000000000002	1.2436054392868747	1.2859524733614096	0.3893568023817799	0.5097898588237182	0.3424348184079681
0.15400000000000003	1.2512627183707572	1.2919857795211296	0.3854041767459031	0.5060879481486797	0.34243612267549994
0.15850000000000003	1.258983845121319	1.2980448277911436	0.3814507462824337	0.5023743269592686	0.34243452804288077
0.163	1.2666603880711482	1.3040399414738577	0.3775434011550695	0.4986932738934036	0.3424362182651577
0.1675	1.2744120038768934	1.3100696522749193	0.3736315612063873	0.49499695185252157	0.34243417289108335
0.17200000000000001	1.2821046115877972	1.3160236871666446	0.3697718088724525	0.4913391221934766	0.34243638792422215
0.17650000000000002	1.2898874901312585	1.3220243497237523	0.36590240558193177	0.48766103205532196	0.34243372745499606
0.18100000000000002	1.2975922144399397	1.3279338862299919	0.3620927145422947	0.4840289946669782	0.3424366633155093
0.1855	1.3054079313936546	1.3339064678357155	0.3582662316511776	0.48036974747240335	0.3424331543990815
0.19	1.3131197823389469	1.3397673285695404	0.3545093144898667	0.4767663642832705	0.34243709064982153
0.1945	1.320971103875246	1.3457137748431387	0.3507257476834541	0.47312611978555547	0.34243239858468316
0.199	1.3286836034699554	1.3515206824353287	0.3470246965110505	0.4695546846919406	0.34243773812931055
0.20350000000000001	1.3365750570649033	1.3574443556863374	0.34328337513254836	0.4659329663516463	0.3424313778250522
0.20800000000000002	1.3442795601595172	1.3631904132012516	0.33964186688238673	0.46239741663196193	0.34243870754636807
0.21250000000000002	1.3522182898433568	1.3690967459009704	0.3359411938047691	0.45879284050104646	0.34242996840149387
0.21700000000000003	1.3599029446982218	1.3747726443216601	0.33236380086692974	0.45529807831868313	0.3424401525568908
0.22150000000000003	1.3679000137648534	1.3806701299088084	0.32870086493129885	0.45170794772108935	0.34242798211715486
0.226	1.3755481556739448	1.3862629283180798	0.3251935279918405	0.44826033191705683	0.34244230779277596
0.2305	1.3836205622928237	1.392164647249808	0.3215635161908023	0.44468002103183873	0.34242512953576293
0.23500000000000001	1.3912081991611895	1.3976558723204535	0.31813427173493963	0.4412881268441951	0.3424455357492613
0.23950000000000002	1.399382046958642	1.4035818806257636	0.31452956213957195	0.43771012799218945	0.34242096048339804
0.24400000000000002	1.4068738606331417	1.408944520872193	0.31118967806740927	0.43438593548613563	0.3424504029811356
0.24850000000000003	1.4151894411703334	1.4149256557019798	0.30759841394782966	0.4307983626315096	0.3424147670839061
0.253	1.4225323005782713	1.4201193203537115	0.30436419489355643	0.42755914292965713	0.34245780436510515
0.25750000000000006	1.431052431827683	1.42620339053778	0.3007679947904814	0.4239433418807528	0.34240542604123897
0.262	1.4381645935753955	1.4311663349150745	0.29766371870580954	0.4208146980049125	0.34246916363843427
0.2665	1.4469887219812534	1.4374284513997182	0.2940339012544555	0.4171413677663504	0.3423911482735398
0.271	1.4537412064487825	1.4420640601296084	0.2910967385442629	0.414162210782856	0.342486742242658
0.2755	1.4630302764295726	1.4486244455587565	0.2873878867933572	0.4103850228312637	0.34236911431661243
0.28	1.469213110087808	1.4527774497511383	0.28467646505952066	0.40761580016787236	0.34251404466653385
0.28450000000000003	1.4792361183116836	1.4598334924459557	0.280814957064724	0.4036608494634348	0.34233509231821085
0.28900000000000003	1.484492612085672	1.4632459627132282	0.27842507638060754	0.4011971093777108	0.3425560325464922
0.29350000000000004	1.4957214847520093	1.4711333804602371	0.27428735665879656	0.3969457798097862	0.34228373786643157
0.29800000000000004	1.4994067377753462	1.4733574298508325	0.272383046694685	0.3949396983431826	0.34261759269189423
0.3025	1.5127336367138358	1.4826768161968134	0.26775066111458135	0.39020292595515077	0.34221288398934796
0.30700000000000005	1.5135659199440956	1.4828835474170008	0.26663283180030195	0.38889310947785727	0.3426934112018839
0.3115	1.5308826521242571	1.494793877771616	0.2610855350928653	0.38338227436527966	0.34214573525934405
0.31600000000000006	1.5259046403466503	1.4912785367827648	0.26137939579780806	0.3831216004136083	0.34272233869797303
0.3205	1.5546066596209083	1.5101176581387397	0.2533167593452747	0.3758473002408527	0.3420881291219141
0.32500000000000007	1.195409497481292	1.2352543688621802	0.36942087188009215	0.48436200849616934	0.3623516676284221
0.3295	0.7326816350939339	0.8207353214401101	0.6294934136032264	0.7023338323569497	0.35079826097614003
0.3340000000000001	0.6708737384350613	0.7595017486461513	0.6771162114296929	0.7396312879598228	0.3435423514561288
0.3385	0.6993012310626547	0.787494061037979	0.6521473212625244	0.7199589941909676	0.3484456617777357
0.343	0.667073125798601	0.7551728838825503	0.6769241824791503	0.7394727585304688	0.3449135924770002
0.34750000000000003	0.6785932474370149	0.7664071347198382	0.6656684571863956	0.7306106580350091	0.3475894956060366
0.352	0.6579495903767305	0.7455169146600411	0.6811849036015583	0.7427852810638212	0.3454924495168657
0.35650000000000004	0.6622291146039754	0.7495460342417284	0.6758660374567517	0.738598767452465	0.3471669090749014
0.361	0.647332559469025	0.734341211563604	0.6867376190689923	0.7470986885541815	0.34581008308889954
0.36550000000000005	0.6478019957293916	0.734558453991868	0.6845926380849633	0.7454046553254526	0.3469180907662314
0.37	0.6362520010322495	0.722670640345218	0.6927352959173686	0.7517489876821712	0.34600670281742013
0.37450000000000006	0.6345258622242494	0.7206769512905399	0.6924545607777244	0.7515133610087219	0.3467584840232144
0.379	0.6250914265985603	0.7108889564580708	0.698859455911348	0.7564869335826514	0.3461361027957095
0.38350000000000006	0.6220504744259191	0.7075608153956291	0.6997207687045749	0.7571405462483619	0.34665147551583037
0.388	0.6140205948195775	0.6991679799860891	0.7049658582079472	0.7612002724186826	0.34622397747080674
0.39250000000000007	0.6101873735873505	0.6950276878152652	0.7065350074714609	0.7624018516141761	0.3465781253929959
0.397	0.6031219208443516	0.6875927964380735	0.7109816706928054	0.7658329199857586	0.34628453573090034
0.4015000000000001	0.5988216479623293	0.6829670909424308	0.712984307912216	0.7673675612222668	0.3465273653856747
0.406	0.5924367372105117	0.676207545651424	0.7168679714598909	0.7703554341586581	0.3463264737729407
0.4105000000000001	0.5878770117167169	0.6713062217245533	0.719126063088487	0.7720842193600069	0.3464921651170597
0.41500000000000004	0.5819850261658028	0.6650349519926549	0.722603774503107	0.7747524196703074	0.3463554869085394
0.4195000000000001	0.5772997423633557	0.6599942366240924	0.7250004337255678	0.7765845448876473	0.3464678122498346
0.42400000000000004	0.571774880746686	0.6540856964207136	0.7281783565380472	0.779016474032748	0.346375464648446
0.4285	0.5670503558562369	0.6489941178409457	0.730636748171883	0.7808925524499005	0.3464510468382232
0.43300000000000005	0.5618074906745267	0.6433633665253657	0.7335871862454243	0.7831449769504466	0.3463891250185078
0.4375	0.5570988541386495	0.6382780344912136	0.7360571442445694	0.7850264692854304	0.34643957763873995
0.44200000000000006	0.5520799754620557	0.6328672808323206	0.7388295805266458	0.7871382452378664	0.34639838649834354
0.4465	0.5474217994365512	0.6278244877532465	0.7412788096131218	0.7890005300462997	0.34643178560920873
0.45100000000000007	0.5425870860825754	0.6225941958259831	0.7439072676818252	0.7909984057224768	0.3464046053437658
0.4555	0.5380004109834468	0.6176164532176756	0.7463154414099382	0.7928261457342155	0.34642652820989894
0.4600000000000001	0.5333222636554068	0.6125393770783742	0.7488234682307825	0.7947286780171741	0.3464087368340677
0.4645	0.5288192794224637	0.6076401255358103	0.7511782345161572	0.7965126946932529	0.3464230034972585
0.4690000000000001	0.5242783087498144	0.6026972839939315	0.7535822927088217	0.7983329079166191	0.34641144926357553
0.47350000000000003	0.5198654770636664	0.5978840494366724	0.7558765667008597	0.8000680707155109	0.3464206529421772
0.4780000000000001	0.5154478039414477	0.5930620084245376	0.7581883439357603	0.8018152619708396	0.34641320617121807
0.48250000000000004	0.5111279324900061	0.588338509233118	0.7604184799422491	0.803499068119669	0.3464190910546058
0.4870000000000001	0.5068233756731022	0.5836275519331658	0.7626464555723712	0.8051800288593906	0.346414325960198
0.49150000000000005	0.5025969863253578	0.5789950958598183	0.7648110209514547	0.8068116544876193	0.3464180543620623
0.496	0.4983978502569854	0.5743879957068475	0.766961523266396	0.8084314934243088	0.3464150251535373
0.5005000000000001	0.49426407289698027	0.5698463975721028	0.7690604830650519	0.8100111647704388	0.346417364545818
0.505	0.4901643415238586	0.565337600694288	0.7711383972685129	0.8115738580432377	0.34641544968818216
0.5095000000000001	0.48612149033990026	0.5608857776488724	0.7731725784558995	0.8131024400320225	0.3464169021337235
0.514	0.4821162923367453	0.5564708599713335	0.7751818184197742	0.8146111973671374	0.3464156969145869
0.5185000000000001	0.4781622327193234	0.5521072131601599	0.7771525613622844	0.8160899272679257	0.3464165878660721
0.523	0.4742474878325064	0.547782521361982	0.7790963820739125	0.8175474344244936	0.3464158311108141
0.5275000000000001	0.47037986596157605	0.5435051768573218	0.7810053167695319	0.81897775180296	0.3464163696698223
0.532	0.46655205143897505	0.5392675915675958	0.7828865201760907	0.820386330406239	0.3464158942993701
0.5365000000000001	0.46276843477802765	0.5350745495285872	0.7847354247994622	0.8217697703804541	0.3464162136535477
0.541	0.4590244308960232	0.5309213292173564	0.7865564949228193	0.823131483042122	0.3464159136887301
0.5455000000000001	0.4553223916449138	0.5268105539722029	0.7883472080157671	0.8244696106436029	0.3464160979576166
0.55	0.45165937903083403	0.5227392317658155	0.7901103995209091	0.8257863301242839	0.34641590672903394
0.5545000000000001	0.44803654159029205	0.5187087043921664	0.7918447667080916	0.8270807010064373	0.34641600860352656
0.559	0.4444519323170239	0.5147170194217509	0.7935521630595007	0.828354155901992	0.34641588450642774
0.5635000000000001	0.4409059984271923	0.5107647668918486	0.7952320056891174	0.8296062937029205	0.3464159367241151
0.5680000000000001	0.4373973890788793	0.5068506180995781	0.7968855575551289	0.8308380988831694	0.3464158539964725
0.5725	0.43392614938857804	0.5029747280492215	0.7985126550608357	0.8320494829526291	0.34641587673533697
0.5770000000000001	0.430491288426203	0.49913614258513217	0.8001142059456999	0.8332411601303791	0.34641581954408707
0.5815	0.42709262603222287	0.4953347694663895	0.8016902866528153	0.8344132195886211	0.3464158251421627
0.5860000000000001	0.42372939050251557	0.491569880584077	0.803241590289216	0.8355662115065474	0.34641578382552907
0.5905	0.4204012799129386	0.4878412468137887	0.8047683273134395	0.8367003230832387	0.34641577976653776
0.5950000000000001	0.41710765831238045	0.48414827798685117	0.8062710597380509	0.837816003565284	0.34641574846753287
0.5995	0.4138481619526162	0.4804906723213815	0.8077500698757707	0.838913491625588	0.346415739253125
0.604	0.41062224120074514	0.47686792547723544	0.8092058380612559	0.8399931729325628	0.3464157144420244
0.6085	0.40742950473629125	0.4732796999659056	0.8106386823737758	0.8410553107112894	0.34641570275589906
0.613	0.404269459945279	0.469725546488691	0.8120490306129908	0.8421002491201596	0.34641568231548286
0.6175	0.40114170716788566	0.46620511280744653	0.8134372159164598	0.8431282605729411	0.34641566974126015
0.622	0.3980457933625559	0.46271798644394546	0.8148036307205143	0.8441396607663813	0.34641565240509437
0.6265000000000001	0.39498132106198086	0.45926381206994327	0.8161486115124208	0.8451347226890477	0.34641563986548796
0.631	0.3919478663010432	0.4558422031788028	0.8174725255079935	0.8461137413302438	0.3464156248757485
0.6355000000000001	0.38894503934798813	0.45245280765873586	0.8187757060584014	0.8470769855467574	0.3464156128991431
0.64	0.38597243888503824	0.44909525843722437	0.8200585011950114	0.8480247342806455	0.3464155997997806
0.6445000000000001	0.3830296856342514	0.4457692098778956	0.8213212376508072	0.8489572497904052	0.346415588680835
0.649	0.3801163968762156	0.4424743103232863	0.8225642479184853	0.8498747978281308	0.3464155771935342
0.6535000000000001	0.3772322049313178	0.43921022216027356	0.8237878503407098	0.8507776328572101	0.34641556708927657
0.658	0.37437674302768925	0.43597660660078436	0.8249923641291974	0.8516660092473884	0.3464155570396517
0.6625000000000001	0.3715496553715268	0.43277313465972	0.8261780984257513	0.8525401731795654	0.346415548026578
0.667	0.3687505893162801	0.42959947873965243	0.8273453606126657	0.8534003688362376	0.3464155393005692
0.6715000000000001	0.3659792007908107	0.4264553185824009	0.8284944503526198	0.8542468340171925	0.3464155314083381
0.676	0.36323514995056616	0.42334033661835585	0.8296256641802506	0.855079803552898	0.34641552392663594
0.6805	0.3605181040608638	0.4202542211552371	0.8307392922890693	0.855899506970403	0.34641551715780544
0.685	0.3578277350638137	0.41719666380137255	0.8318356210717339	0.8567061703690483	0.34641551086093125
0.6895	0.3551637210773105	0.41416736114588676	0.8329149314134313	0.8575000152167314	0.346415505202458
0.6940000000000001	0.3525257450117575	0.4111660133204433	0.83397750010577	0.8582812593720591	0.34641550004215765
0.6985	0.34991349532358884	0.40819232486179413	0.8350235989610453	0.8590501165063988	0.34641549547210915
0.7030000000000001	0.34732666520494143	0.405246003896961	0.8360534956100096	0.859806796645794	0.34641549140647915
0.7075	0.3447649529416966	0.40232676256649397	0.8370674530603195	0.8605515059462883	0.3464154878979999
0.7120000000000001	0.3422280614140648	0.39943431655083866	0.8380657301582701	0.8612844469551105	0.3464154848887515
0.7165	0.33971569825037073	0.39656838526020194	0.8390485813856469	0.8620058185968688	0.34641548241234943
0.7210000000000001	0.3372275754943243	0.39372869154808404	0.8400162571383918	0.8627158162555256	0.3464154804232155
0.7255	0.33476340965920376	0.3909149617790032	0.8409690036501417	0.8634146319030099	0.3464154789480369
0.7300000000000001	0.33232292148158343	0.38812692564545215	0.8419070631709973	0.864102454046931	0.3464154779437863
0.7345	0.32990583593401984	0.38536431617313566	0.8428306739574728	0.8647794679769065	0.3464154774383334
0.7390000000000001	0.3275118820191814	0.38262686959589626	0.8437400703964224	0.8654458555882261	0.3464154773842365
0.7435	0.32514079277469177	0.37991432533014813	0.8446354830291102	0.8661017957494178	0.3464154778169412
0.7480000000000001	0.3227923050792793	0.3772264258831366	0.8455171386446069	0.8667474639877936	0.3464154786785915
0.7525000000000001	0.32046615967129116	0.37456291681315373	0.8463852603208388	0.8673830330032993	0.3464154800183306
0.757	0.3181621009468682	0.37192354665775457	0.8472400675005375	0.868008672181557	0.3464154817615675
0.7615000000000001	0.3158798770085054	0.36930806688826034	0.8480817760402701	0.8686245482989501	0.3464154839779763
0.766	0.31361923943831366	0.3667162318506744	0.8489105982759715	0.869230824808315	0.34641548656865245
0.7705000000000001	0.3113799433919848	0.3641477987186363	0.8497267430753115	0.8698276628018825	0.34641548963222146
0.775	0.30916174732989865	0.3616025274430619	0.8505304158965812	0.8704152199912932	0.34641549303580754
0.7795000000000001	0.3069644131736084	0.35908018070545955	0.8513218188420864	0.8709936520210806	0.3464154969179442
0.784	0.3047877059748617	0.35658052387412476	0.8521011507123746	0.8715631110352944	0.3464155010992264
0.7885000000000001	0.3026313941555935	0.35410332495850294	0.8528686070595808	0.872123747467479	0.3464155057726853
0.793	0.30049524909011655	0.35164835457078586	0.8536243802380348	0.8726757080478544	0.34641551069577653
0.7975000000000001	0.2983790454555668	0.3492153858813295	0.8543686594571528	0.8732191382395251	0.3464155161354391
0.802	0.2962825606955622	0.3468041945851223	0.8551016308289006	0.8737541794896492	0.34641552176375756
0.8065000000000001	0.29420557551630344	0.3444145588578878	0.8558234774202047	0.8742809725394738	0.34641552794725605
0.811	0.29214787319056945	0.3420462593272498	0.8565343792974457	0.8747996536566897	0.34641553424287824
0.8155000000000001	0.29010924024563955	0.3396990790289415	0.8572345135785504	0.8753103591229328	0.3464155411506585
0.8200000000000001	0.288089465554207	0.3373728033827871	0.8579240544744846	0.8758132200979837	0.34641554807300035
0.8245	0.2860883412743919	0.33506722014822254	0.8586031733413487	0.8763083686875864	0.346415555688487
0.8290000000000001	0.2841056616582165	0.33278211940547503	0.8592720387186796	0.8767959309769242	0.3464155631933366
0.8335	0.2821412243220549	0.33051729350943165	0.8599308163819734	0.8772760352102215	0.34641557150424657
0.8380000000000001	0.28019482868288037	0.32827253707662	0.8605796693774725	0.8777488023840625	0.34641557954365737
0.8425	0.27826627766048695	0.32604764693628435	0.8612187580756787	0.8782143572364091	0.34641558854427984
0.8470000000000001	0.27635537562588486	0.32384242212404324	0.8618482402021223	0.8786728156013955	0.34641559706623126
0.8515	0.2744619306658427	0.321656663828789	0.8624682708925981	0.879124299120147	0.3464156067594988
0.8560000000000001	0.27258575189475576	0.31949017539416985	0.8630790027192048	0.8795689183137597	0.3464156157056501
0.8605	0.2707266524500178	0.3173427622597398	0.8636805857482757	0.8800067922103013	0.3464156261043342
0.8650000000000001	0.26888444597561717	0.3152142319716099	0.8642731675605995	0.8804380257704318	0.346415635406721
0.8695	0.26705895056543344	0.3131043941162147	0.864856893313589	0.8808627359905515	0.3464156465346482
0.8740000000000001	0.26524998417250056	0.31101306034130016	0.8654319057537054	0.8812810219042516	0.3464156561123935
0.8785000000000001	0.2634573697778788	0.3089400442814354	0.8659983452858514	0.8816929991814992	0.3464156680071264
0.8830000000000001	0.2616809294115416	0.3068851615887881	0.8665563499734561	0.8820987604125566	0.34641567776247595
0.8875000000000001	0.2599204909019753	0.30484822985310767	0.8671060556226785	0.8824984208074289	0.3464156904805323
0.892	0.2581758801047285	0.3028290686346416	0.8676475957572736	0.8828920658027882	0.34641570029324775
0.8965000000000001	0.25644692969420946	0.30082749939507664	0.8681811017404008	0.8832798112278046	0.3464157139186053
0.901	0.2547334690677112	0.29884334549887454	0.8687067026834306	0.8836617344034334	0.3464157236366088
0.9055000000000001	0.2530353358004356	0.2968764322206344	0.8692245256797382	0.8840379531378667	0.34641573829743216
0.91	0.2513523624850944	0.294926586589753	0.869734695511239	0.8844085353393534	0.3464157477144672
0.9145000000000001	0.2496843917569857	0.29299363770963316	0.8702373352448737	0.8847736025381792	0.3464157636226398
0.919	0.2480312589104182	0.2910774160053572	0.8707325652747268	0.8851332114547721	0.3464157724100604
0.9235000000000001	0.24639281205423233	0.2891777546737319	0.8712205051341727	0.8854874896788241	0.34641578997890393
0.928	0.24476888827203713	0.2872944868149239	0.8717012702990696	0.8858364801584224	0.3464157974672828
0.9325000000000001	0.24315934230651154	0.28542745082408627	0.8721749781217251	0.8861803200306323	0.34641581770285157
0.937	0.24156401080122575	0.2835764802142621	0.8726417370336134	0.8865190341403525	0.3464158221663099
0.9415000000000001	0.23998275868039062	0.28174142252990714	0.8731016664871126	0.8868527754294251	0.3464158479787542
0.9460000000000001	0.2384154155960474	0.27992210420471086	0.8735548603417682	0.8871815417001135	0.346415844225351
0.9505000000000001	0.23686186809899468	0.27811839550537915	0.8740014543550552	0.8875055158796833	0.34641588487275765
0.9550000000000001	0.23532191786646095	0.2763300906239095	0.8744415020383193	0.8878246458080442	0.3464158560626203
0.9595000000000001	0.23379551095505618	0.2745571285640903	0.8748752031607714	0.8881391835797505	0.3464159422180565
0.9640000000000001	0.23228235167858333	0.2727991866139698	0.8753024836239247	0.8884489589934088	0.34641583212687865
0.9685	0.23078257213643708	0.271056427587859	0.8757237676444835	0.8887544144480796	0.34641606689156973
0.9730000000000001	0.22929554759640997	0.26932812747767754	0.8761385596992248	0.8890550444278655	0.34641568612175044
0.9775	0.22782201971562865	0.26761519350856955	0.8765480470427536	0.8893518748398959	0.3464164173525241
0.9820000000000001	0.22636025994161102	0.2659155475384541	0.8769503270777727	0.8896433510240846	0.34641512692502907
0.9865	0.2249130355562569	0.26423258331450566	0.8773491534316724	0.8899323820077978	0.34641752776770957
0.9910000000000001	0.22347492666002683	0.2625596851608263	0.8777379203440241	0.8902139958851312	0.34641317469013055
0.9955	0.22205545070906205	0.2609085457158809	0.8781289689745233	0.8904973025109375	0.34642119388931925
1.0000000000000002	0.2206368746814887	0.2592574062709355	0.878500000000102	0.8907660412558168	0.3464065401753184
